=== Run information ===

Evaluator:    weka.attributeSelection.PrincipalComponents -R 0.95 -A 5
Search:       weka.attributeSelection.Ranker -T -1.7976931348623157E308 -N -1
Relation:     train_processed
Instances:    7628
Attributes:   15
              WordCount
              SentimentGI
              NegativityGI
              PositivityGI
              SentimentHE
              NegativityHE
              PositivityHE
              SentimentLM
              NegativityLM
              PositivityLM
              RatioUncertaintyLM
              SentimentQDAP
              NegativityQDAP
              PositivityQDAP
              Section
Evaluation mode:    evaluate on all training data



=== Attribute Selection on all input data ===

Search Method:
	Attribute ranking.

Attribute Evaluator (unsupervised):
	Principal Components Attribute Transformer

Correlation matrix
  1      0.01   0.08   0.07   0.02   0.04   0.05  -0.02   0.05   0.03   0.04  -0.01   0.08   0.05 
  0.01   1     -0.56   0.78   0.18  -0.22   0.06   0.3   -0.18   0.27  -0.06   0.68  -0.44   0.52 
  0.08  -0.56   1      0.08  -0.1    0.25   0.05  -0.38   0.46   0.01   0.08  -0.36   0.68   0.06 
  0.07   0.78   0.08   1      0.14  -0.07   0.11   0.07   0.14   0.34  -0.01   0.55  -0.02   0.66 
  0.02   0.18  -0.1    0.14   1     -0.46   0.83   0.3   -0.1    0.39  -0.01   0.21  -0.14   0.16 
  0.04  -0.22   0.25  -0.07  -0.46   1      0.12  -0.15   0.19   0.01   0.07  -0.2    0.25  -0.06 
  0.05   0.06   0.05   0.11   0.83   0.12   1      0.23   0.01   0.45   0.03   0.11   0.01   0.14 
 -0.02   0.3   -0.38   0.07   0.3   -0.15   0.23   1     -0.83   0.56  -0.03   0.35  -0.45   0.11 
  0.05  -0.18   0.46   0.14  -0.1    0.19   0.01  -0.83   1     -0.01   0.04  -0.22   0.53   0.11 
  0.03   0.27   0.01   0.34   0.39   0.01   0.45   0.56  -0.01   1      0.01   0.31  -0.02   0.37 
  0.04  -0.06   0.08  -0.01  -0.01   0.07   0.03  -0.03   0.04   0.01   1      0      0.05   0.04 
 -0.01   0.68  -0.36   0.55   0.21  -0.2    0.11   0.35  -0.22   0.31   0      1     -0.59   0.81 
  0.08  -0.44   0.68  -0.02  -0.14   0.25   0.01  -0.45   0.53  -0.02   0.05  -0.59   1     -0.01 
  0.05   0.52   0.06   0.66   0.16  -0.06   0.14   0.11   0.11   0.37   0.04   0.81  -0.01   1    


eigenvalue	proportion	cumulative
  4.10298	  0.29307	  0.29307	0.414SentimentQDAP+0.398SentimentGI+0.332SentimentLM-0.313NegativityQDAP+0.285PositivityQDAP...
  2.45407	  0.17529	  0.46836	-0.443NegativityLM-0.394PositivityQDAP-0.391PositivityGI-0.378NegativityGI-0.354NegativityQDAP...
  1.94388	  0.13885	  0.60721	-0.554PositivityHE-0.51SentimentHE-0.304PositivityLM+0.28 SentimentGI-0.257SentimentLM...
  1.21707	  0.08693	  0.69414	-0.643NegativityHE+0.408SentimentHE-0.388SentimentLM-0.297PositivityLM+0.27 NegativityLM...
  1.00361	  0.07169	  0.76583	0.687RatioUncertaintyLM+0.653WordCount-0.188NegativityHE-0.184PositivityLM+0.095SentimentHE...
  0.964  	  0.06886	  0.83469	0.728WordCount-0.649RatioUncertaintyLM-0.092SentimentQDAP+0.089SentimentLM-0.083NegativityLM...
  0.84985	  0.0607 	  0.89539	-0.572NegativityHE-0.421PositivityHE+0.389NegativityGI+0.302SentimentLM+0.285NegativityQDAP...
  0.62637	  0.04474	  0.94013	0.482SentimentQDAP-0.449SentimentGI+0.429PositivityQDAP-0.336PositivityGI-0.282PositivityLM...
  0.50836	  0.03631	  0.97644	0.62 PositivityLM+0.475NegativityLM-0.396PositivityGI-0.261NegativityGI-0.222PositivityHE...

Eigenvectors
 V1	 V2	 V3	 V4	 V5	 V6	 V7	 V8	 V9	
-0.0052	-0.1139	-0.0312	-0.1167	 0.6531	 0.7281	-0.0807	 0.0478	 0.0836	WordCount
 0.398 	-0.0896	 0.2797	 0.0736	-0.0021	 0.043 	-0.1819	-0.449 	-0.1662	SentimentGI
-0.2707	-0.3782	-0.1211	-0.1131	-0.0654	 0.0284	 0.3889	 0.2733	-0.2614	NegativityGI
 0.2762	-0.3912	 0.246 	 0.0038	-0.0515	 0.073 	 0.0725	-0.3356	-0.3959	PositivityGI
 0.2401	-0.1146	-0.5097	 0.4082	 0.0949	-0.0528	-0.0534	 0.0497	-0.1226	SentimentHE
-0.1741	-0.1362	 0.0225	-0.6432	-0.1884	-0.008 	-0.5719	 0.0662	-0.1343	NegativityHE
 0.1575	-0.2139	-0.5541	 0.0481	-0.0134	-0.064 	-0.4213	 0.0973	-0.2217	PositivityHE
 0.3324	 0.2372	-0.2571	-0.3879	-0.0875	 0.0886	 0.3018	-0.0659	-0.0518	SentimentLM
-0.232 	-0.4434	 0.1077	 0.27  	-0.0167	-0.083 	-0.2455	-0.1085	 0.4754	NegativityLM
 0.2538	-0.2358	-0.3038	-0.2972	-0.1836	 0.0358	 0.1782	-0.2822	 0.6195	PositivityLM
-0.0243	-0.0713	-0.0284	-0.2582	 0.6872	-0.6493	 0.0803	-0.1621	-0.0135	RatioUncertaintyLM
 0.4136	-0.107 	 0.2304	-0.0296	 0.0356	-0.0921	-0.0445	 0.4821	 0.1289	SentimentQDAP
-0.3129	-0.3544	-0.1097	-0.042 	-0.0808	 0.0705	 0.2849	-0.2329	-0.1651	NegativityQDAP
 0.2846	-0.3936	 0.206 	-0.0677	-0.015 	-0.0627	 0.1541	 0.4286	 0.039 	PositivityQDAP

Ranked attributes:
 0.7069   1 0.414SentimentQDAP+0.398SentimentGI+0.332SentimentLM-0.313NegativityQDAP+0.285PositivityQDAP...
 0.5316   2 -0.443NegativityLM-0.394PositivityQDAP-0.391PositivityGI-0.378NegativityGI-0.354NegativityQDAP...
 0.3928   3 -0.554PositivityHE-0.51SentimentHE-0.304PositivityLM+0.28 SentimentGI-0.257SentimentLM...
 0.3059   4 -0.643NegativityHE+0.408SentimentHE-0.388SentimentLM-0.297PositivityLM+0.27 NegativityLM...
 0.2342   5 0.687RatioUncertaintyLM+0.653WordCount-0.188NegativityHE-0.184PositivityLM+0.095SentimentHE...
 0.1653   6 0.728WordCount-0.649RatioUncertaintyLM-0.092SentimentQDAP+0.089SentimentLM-0.083NegativityLM...
 0.1046   7 -0.572NegativityHE-0.421PositivityHE+0.389NegativityGI+0.302SentimentLM+0.285NegativityQDAP...
 0.0599   8 0.482SentimentQDAP-0.449SentimentGI+0.429PositivityQDAP-0.336PositivityGI-0.282PositivityLM...
 0.0236   9 0.62 PositivityLM+0.475NegativityLM-0.396PositivityGI-0.261NegativityGI-0.222PositivityHE...

Selected attributes: 1,2,3,4,5,6,7,8,9 : 9

